1. 4
2. 4
3. 4
4. 4
5. 4
6. 4
7. 4
8. 4
9. 4
10. 4
11. 4
12. 4
13. 4
14. 0
15. -4
16. 4
17. 4000000
18. -4000000
19. 1675594
20. 3308049
21. 3354511
22. 3329016
23. 3296789
24. 2804016
25. 3282098
26. 3355771
27. 3405484
28. 2732112
29. 3489838
30. 3296123
31. 2930881
32. 3293968
33. 3115254
34. 3223102
35. 3231942
36. 3027784
37. 2677942
38. 3435534
39. 2638618
40. 3413109
41. 2539499
42. 3487141
43. 2572832
44. 3357559
45. 2967307
46. 3601391
47. 2568950
48. 3606738
49. 3359932
50. 2990575
51. 2582287
52. 3394668
53. 2801359
54. 3681603
55. 2883664
56. 3120728
57. 2883022
58. 3322323
59. 3188884
60. 3556821
61. 3652363
62. 2640660
63. 2872124
64. 2639923
65. 3207482
66. 2654041
67. 3009287
68. 3225134
69. 3652679
70. 3141816
71. 3436211
72. 3073924
73. 3335809
74. 3358933
75. 3224593
76. 3543656
77. 3232509
78. 2866041
79. 3482733
80. 2874264
81. 3322086
82. 3000161
83. 3247050
84. 2793370
85. 3285237
86. 3270548
87. 2868230
88. 3234581
89. 3166173
90. 3287145
91. 2906323
92. 2928063
93. 3485648
94. 3182673
95. 3232060
96. 2574466
97. 3260535
98. 3477586
99. 3427704
100. 3431595
101. 3214859
102. 2974936
103. 2839490
104. 3178878
105. 3400934
106. 3210739
107. 3521522
108. 3284756
109. 2933172
110. 3413711
111. 3392341
112. 3045199
113. 3723513
114. 3473223
115. 3128799
116. 3128397
117. 3536764
118. 3310112
119. 3319236
120. 2828025
121. 3555148
122. 3339864
123. 3771396
124. 3661008
125. 3809706
1. 4
2. 4
3. 4
4. 4
5. 4
6. 4
7. 4
8. 4
9. 4
10. 4
11. 4
12. 4
13. 4
14. 0
15. -4
16. 4
17. 4000000
18. -4000000
19. 1675594
20. 3308049
21. 3354511
22. 3329016
23. 3296789
24. 2804016
25. 3282098
26. 3355771
27. 3405484
28. 2732112
29. 3489838
30. 3296123
31. 2930881
32. 3293968
33. 3115254
34. 3223102
35. 3231942
36. 3027784
37. 2677942
38. 3435534
39. 2638618
40. 3413109
41. 2539499
42. 3487141
43. 2572832
44. 3357559
45. 2967307
46. 3601391
47. 2568950
48. 3606738
49. 3359932
50. 2990575
51. 2582287
52. 3394668
53. 2801359
54. 3681603
55. 2883664
56. 3120728
57. 2883022
58. 3322323
59. 3188884
60. 3556821
61. 3652363
62. 2640660
63. 2872124
64. 2639923
65. 3207482
66. 2654041
67. 3009287
68. 3225134
69. 3652679
70. 3141816
71. 3436211
72. 3073924
73. 3335809
74. 3358933
75. 3224593
76. 3543656
77. 3232509
78. 2866041
79. 3482733
80. 2874264
81. 3322086
82. 3000161
83. 3247050
84. 2793370
85. 3285237
86. 3270548
87. 2868230
88. 3234581
89. 3166173
90. 3287145
91. 2906323
92. 2928063
93. 3485648
94. 3182673
95. 3232060
96. 2574466
97. 3260535
98. 3477586
99. 3427704
100. 3431595
101. 3214859
102. 2974936
103. 2839490
104. 3178878
105. 3400934
106. 3210739
107. 3521522
108. 3284756
109. 2933172
110. 3413711
111. 3392341
112. 3045199
113. 3723513
114. 3473223
115. 3128799
116. 3128397
117. 3536764
118. 3310112
119. 3319236
120. 2828025
121. 3555148
122. 3339864
123. 3771396
124. 3661008
125. 3809706
