6
89
1
1
1
121393
169280
1
1
1
2
1
625
693120
19840
393600
823808
945088
693120
617856
823808
431744
19840
823808
939328
954496
954496
693120
272320
823808
693120
436800
823808
577600
949440
954496
954496
949440
693120
617856
939328
949440
431744
954496
612736
954496
436800
393600
954496
590400
949440
200704
29760
272320
431744
431744
939328
431744
939328
29760
617856
823808
617856
431744
272320
590400
823808
823808
926784
366400
954496
864000
393600
366400
19840
823808
648000
823808
954496
431744
462080
291200
959552
949440
693120
19840
617856
431744
19840
200704
29760
1
