3

100 3
196 1 3
123 2 4
41 2 4
2 2 4
154 5 4
89 3 4
2 5 5
93 2 5
192 5 4
89 4 4
55 5 4
58 2 2
120 2 5
165 5 1
117 4 3
58 3 2
86 3 1
4 1 4
69 3 4
35 4 4
192 3 3
184 4 1
155 2 5
90 3 1
90 5 4
73 5 1
11 5 4
177 1 1
87 1 3
6 2 3
121 1 5
101 5 5
110 2 1
144 1 1
6 3 5
154 1 1
129 3 2
128 5 4
155 5 4
49 4 3
52 2 5
171 5 2
26 3 3
172 2 1
94 4 3
104 1 5
105 3 2
93 3 3
70 5 3
60 4 1
96 1 4
170 2 5
179 2 4
124 3 5
93 1 3
87 3 5
23 2 5
65 4 2
146 4 3
111 5 2
161 2 2
23 1 3
100 3 4
196 3 4
166 2 4
16 1 2
50 4 5
2 2 1
151 1 4
16 4 3
82 2 2
70 3 2
150 1 5
148 1 4
190 4 5
128 2 2
64 4 5
100 2 4
86 4 4
4 5 3
152 3 1
186 3 3
122 3 5
5 1 1
46 2 1
94 3 2
192 3 2
163 2 5
26 1 5
123 5 5
169 4 4
37 2 3
144 4 5
193 1 5
181 2 3
33 4 3
2 4 5
6 4 1
131 2 3
90 1 4

100 82
66 4 2
53 5 1
12 2 5
72 2 1
119 3 4
82 4 3
75 4 3
52 4 2
5 1 1
147 5 3
147 5 3
50 2 5
93 4 3
181 1 4
110 2 1
178 5 2
151 5 5
11 5 3
82 3 5
14 3 1
144 4 1
42 5 2
55 4 2
19 3 5
36 3 3
114 3 4
157 5 3
100 4 3
70 2 5
138 4 5
191 4 3
52 3 4
165 1 4
60 1 4
92 2 1
138 4 1
80 3 5
102 2 1
101 1 4
79 3 2
94 3 5
94 1 2
173 5 4
136 2 5
162 4 1
163 2 1
74 4 4
87 1 5
124 4 2
68 1 1
86 2 4
121 5 4
18 4 3
179 3 1
30 3 4
198 2 1
115 5 1
177 1 3
46 5 4
182 4 4
132 4 1
194 1 2
68 5 5
71 4 4
63 4 3
92 4 5
97 2 1
155 5 1
127 3 2
68 4 5
98 5 5
24 2 1
137 3 2
15 2 5
144 1 3
48 5 3
130 2 2
24 1 1
165 5 3
40 5 3
109 3 5
172 3 3
195 2 5
106 5 3
82 2 3
152 1 5
29 4 3
176 4 3
26 2 2
168 3 3
40 3 2
34 4 4
37 1 3
26 3 2
72 2 5
191 1 5
80 1 5
184 4 3
21 5 4
68 3 1

100 15
120 2 5
159 2 2
163 5 5
19 2 4
124 1 2
38 4 4
17 5 2
35 5 3
31 3 2
165 2 5
173 4 1
63 4 4
165 5 3
54 5 1
26 3 4
168 5 2
34 4 3
77 3 2
198 2 4
153 3 5
44 4 3
27 1 1
126 2 3
3 3 2
89 4 2
182 3 1
180 3 1
82 2 3
92 5 1
146 5 5
133 2 5
84 1 1
155 3 4
113 3 3
173 1 3
172 1 3
146 5 5
110 5 3
98 4 2
6 3 4
87 4 2
73 3 2
178 5 4
20 4 4
108 4 4
118 2 1
172 5 2
17 2 4
14 1 2
73 3 1
105 3 1
108 1 4
107 1 5
30 2 1
184 2 4
110 4 2
52 1 1
81 1 5
189 4 5
117 3 4
161 2 1
16 2 4
114 3 4
60 4 2
75 1 5
177 5 4
56 2 1
96 1 1
121 4 4
30 4 3
68 1 1
189 1 2
158 4 1
150 1 2
53 5 2
104 2 3
91 5 5
140 1 2
159 3 2
26 4 2
55 2 2
62 1 5
2 2 5
88 4 5
196 5 1
70 5 2
60 5 1
84 5 4
25 5 1
113 1 2
180 5 3
187 1 5
149 3 2
134 3 5
3 1 4
26 5 5
137 1 4
41 5 3
138 1 3
152 2 5


