#1 1.5000000000
#2 1.0306534300
#3 462.5504629633
#4 1.4060952085 2.5939047915
#5 2.5328594461 3.7271944335 6.0999536409
#6 6.3428568767 11.5477377494 15.9641592998 24.9267991615
#7 57.8805685415 81.8651598883 91.0573691382 105.0835650491 133.2934094881
#8 74.2211477711 190.6837563313 305.8269181686 348.3304429927 470.2694219293 555.4943093854
#9 21.5171374463 47.9890597763 68.6536668433 82.9131954023 95.0052272762 99.1999097770 116.4978330953
#10 11.5573600056 24.0238341337 38.4847676134 44.6137453708 64.7500445424 126.9908128982 184.3221650927 197.9760596291 266.0574653677
